79254
79194
79191
79180
79170
79162
79154
79142
79129
79090
79062
79039
79011
78981
78979
78936
78923
78913
78829
78809
78742
78735
78725
78618
78606
78577
78527
78509
78491
78448
78289
78284
78277
78238
78171
78156
77998
77998
77978
77956
77925
77848
77846
77759
77729
77695
77677
77382
70473
70449
69886
69767
69704
69573
69479
69398
69328
69311
69265
69178
69162
69104
69100
69072
69062
68971
68944
68929
68924
68904
68879
68877
68799
68755
68726
68666
68623
68588
68547
68458
68457
68453
68438
68438
68429
68426
68394
68374
68363
68357
68337
68300
68256
68250
68228
68216
68180
68149
68124
68114
68060
68029
68029
68025
68004
67996
67981
67964
67938
67925
67914
67901
67853
67819
67818
67788
67770
67767
67688
67670
67669
67629
67618
67609
67602
67583
67540
67479
67475
67470
67433
67420
67387
67343
67339
67337
67315
67273
67224
67208
67160
67137
67102
67045
66449
66408
66338
66211
63784
63557
63091
63021
62895
62663
62182
62079
62044
61907
61888
61856
61847
61792
61764
61683
61641
61612
61514
61511
61503
61411
61263
61248
60965
60941
60907
60876
60773
60669
60537
60525
60387
60194
59673
59576
59561
59556
57652
57458
57308
57264
57158
57106
56288
56245
56054
56031
55930
55841
55533
55532
55316
55281
55230
55196
55111
55101
50957
50870
49580
48353
21349
21319
21288
21274
21270
21255
21232
21208
21196
21184
21164
21150
21149
21143
21129
21108
21100
21072
21043
20934
20912
20908
20882
20871
20858
20843
20839
20834
20800
20790
20788
20757
20752
20748
20744
20739
20721
20712
20710
20671
20620
20575
20572
20567
20551
20536
20522
20510
20484
20430
20415
20398
20368
20362
20357
20349
20347
20341
20338
20335
20335
20334
20332
20332
20332
20330
20326
20324
20323
20307
20304
20299
20297
20292
20282
20280
20275
20270
20270
20258
20257
20257
20256
20254
20252
20251
20247
20243
20231
20229
20223
20223
20221
20219
20217
20215
20212
20211
20210
20208
20202
20202
20202
20197
20192
20190
20190
20187
20186
20184
20179
20175
20175
20170
20170
20170
20166
20162
20158
20157
20157
20156
20153
20152
20151
20151
20148
20146
20141
20141
20139
20137
20133
20132
20130
20129
20124
20124
20123
20114
20109
20104
20104
20094
20092
20091
20088
20086
20085
20084
20083
20078
20076
20076
20070
20068
20065
20060
20052
20049
20045
20041
20040
20039
20037
20036
20036
20032
20032
20021
20020
20017
20009
20007
20007
20004
20004
20002
19989
19985
19974
19973
19973
19967
19961
19960
19959
19957
19953
19952
19950
19943
19942
19940
19940
19939
19937
19936
19935
19935
19925
19921
19920
19914
19908
19907
19900
19900
19900
19899
19899
19898
19898
19894
19893
19891
19891
19888
19888
19888
19883
19883
19882
19882
19880
19878
19875
19875
19874
19873
19871
19867
19864
19862
19861
19860
19857
19856
19854
19854
19848
19848
19844
19842
19840
19840
19835
19833
19831
19830
19828
19826
19820
19817
19812
19812
19811
19809
19805
19799
19792
19789
19788
19785
19780
19770
19765
19763
19762
19754
19743
19742
19738
19737
19735
19731
19724
19722
19721
19711
19710
19699
19698
19697
19695
19692
19687
19683
19672
19670
19665
19664
19660
19654
19651
19644
19643
19643
19641
19640
19620
19619
19618
19617
19614
19613
19608
19607
19607
19605
19579
19575
19568
19556
19553
19553
19551
19550
19548
19536
19535
19500
19500
19473
19462
19461
19455
19451
19391
19388
19386
19384
19375
19371
19353
19338
19318
19273
19271
19269
19265
19258
19230
19228
19222
19221
19221
19215
19196
19180
19177
19166
19161
19154
19148
19138
19134
19129
19116
19113
19107
19105
19102
19096
19092
19088
19085
19085
19083
19072
19067
19066
19061
19058
19050
19049
19045
19044
19043
19043
19032
19005
18996
18968
18957
18948
18938
18936
18920
18920
18913
18897
18897
18892
18884
18878
18878
18878
18871
18870
18869
18866
18864
18864
18864
18862
18862
18862
18860
18859
18858
18858
18853
18852
18852
18851
18851
18848
18847
18846
18846
18846
18845
18845
18844
18842
18841
18841
18840
18840
18837
18837
18836
18836
18835
18834
18833
18831
18830
18830
18829
